-8.000000 -0.194154 -0.0028952 -0.194089 -0.0030404 -0.194154 -0.0028952 -0.194089 -0.0030404
-7.960000 -0.194648 -0.0031497 -0.194581 -0.003297 -0.194648 -0.0031497 -0.194581 -0.003297
-7.920000 -0.195343 -0.0034053 -0.195275 -0.0035537 -0.195343 -0.0034053 -0.195275 -0.0035537
-7.880000 -0.195839 -0.0036805 -0.19577 -0.0038276 -0.195839 -0.0036805 -0.19577 -0.0038276
-7.840000 -0.196549 -0.003959 -0.196482 -0.0041037 -0.196549 -0.003959 -0.196482 -0.0041037
-7.800000 -0.197046 -0.004252 -0.196976 -0.0044042 -0.197046 -0.004252 -0.196976 -0.0044042
-7.760000 -0.197774 -0.0045505 -0.197703 -0.0046989 -0.197774 -0.0045505 -0.197703 -0.0046989
-7.720000 -0.198271 -0.0048689 -0.198198 -0.005021 -0.198271 -0.0048689 -0.198198 -0.005021
-7.680000 -0.199016 -0.0051871 -0.198942 -0.0053379 -0.199016 -0.0051871 -0.198942 -0.0053379
-7.640000 -0.199512 -0.0055334 -0.199437 -0.0056837 -0.199512 -0.0055334 -0.199437 -0.0056837
-7.600000 -0.200272 -0.0058784 -0.200197 -0.0060272 -0.200272 -0.0058784 -0.200197 -0.0060272
-7.560000 -0.200766 -0.0062466 -0.20069 -0.0063966 -0.200766 -0.0062466 -0.20069 -0.0063966
-7.520000 -0.201545 -0.0066161 -0.201466 -0.0067675 -0.201545 -0.0066161 -0.201466 -0.0067675
-7.480000 -0.202033 -0.0070163 -0.201957 -0.0071609 -0.202033 -0.0070163 -0.201957 -0.0071609
-7.440000 -0.202827 -0.0074116 -0.202751 -0.0075606 -0.202827 -0.0074116 -0.202751 -0.0075606
-7.400000 -0.203311 -0.0078389 -0.203234 -0.007987 -0.203311 -0.0078389 -0.203234 -0.007987
-7.360000 -0.204122 -0.0082635 -0.204042 -0.0084135 -0.204122 -0.0082635 -0.204042 -0.0084135
-7.320000 -0.204598 -0.0087224 -0.204518 -0.0088686 -0.204598 -0.0087224 -0.204518 -0.0088686
-7.280000 -0.205425 -0.0091768 -0.205345 -0.0093213 -0.205425 -0.0091768 -0.205345 -0.0093213
-7.240000 -0.205892 -0.0096695 -0.205812 -0.0098113 -0.205892 -0.0096695 -0.205812 -0.0098113
-7.200000 -0.206734 -0.0101546 -0.206654 -0.0102982 -0.206734 -0.0101546 -0.206654 -0.0102982
-7.160000 -0.20719 -0.0106826 -0.207109 -0.0108229 -0.20719 -0.0106826 -0.207109 -0.0108229
-7.120000 -0.208048 -0.0111972 -0.207967 -0.011336 -0.208048 -0.0111972 -0.207967 -0.011336
-7.080000 -0.20849 -0.0117639 -0.208408 -0.011903 -0.20849 -0.0117639 -0.208408 -0.011903
-7.040000 -0.209364 -0.0123123 -0.209277 -0.0124536 -0.209364 -0.0123123 -0.209277 -0.0124536
-7.000000 -0.20979 -0.0129186 -0.209704 -0.0130499 -0.20979 -0.0129186 -0.209704 -0.0130499
-6.960000 -0.210677 -0.0135038 -0.210593 -0.0136275 -0.210677 -0.0135038 -0.210593 -0.0136275
-6.920000 -0.211084 -0.0141502 -0.211 -0.0142781 -0.211084 -0.0141502 -0.211 -0.0142781
-6.880000 -0.211985 -0.0147675 -0.211902 -0.0148816 -0.211985 -0.0147675 -0.211902 -0.0148816
-6.840000 -0.212374 -0.0154573 -0.212293 -0.0155769 -0.212374 -0.0154573 -0.212293 -0.0155769
-6.800000 -0.213288 -0.0161138 -0.213206 -0.0162291 -0.213288 -0.0161138 -0.213206 -0.0162291
-6.760000 -0.213653 -0.0168507 -0.213571 -0.0169647 -0.213653 -0.0168507 -0.213571 -0.0169647
-6.720000 -0.214579 -0.0175434 -0.214494 -0.0176523 -0.214579 -0.0175434 -0.214494 -0.0176523
-6.680000 -0.214917 -0.0183301 -0.214837 -0.0184264 -0.214917 -0.0183301 -0.214837 -0.0184264
-6.640000 -0.215855 -0.019059 -0.215777 -0.0191538 -0.215855 -0.019059 -0.215777 -0.0191538
-6.600000 -0.216164 -0.0198973 -0.21609 -0.0199869 -0.216164 -0.0198973 -0.21609 -0.0199869
-6.560000 -0.217112 -0.0206648 -0.217037 -0.0207547 -0.217112 -0.0206648 -0.217037 -0.0207547
-6.520000 -0.217389 -0.0215556 -0.217316 -0.0216377 -0.217389 -0.0215556 -0.217316 -0.0216377
-6.480000 -0.218345 -0.0223615 -0.218272 -0.0224361 -0.218345 -0.0223615 -0.218272 -0.0224361
-6.440000 -0.21859 -0.0233044 -0.218524 -0.0233699 -0.21859 -0.0233044 -0.218524 -0.0233699
-6.400000 -0.219557 -0.0241482 -0.219491 -0.024216 -0.219557 -0.0241482 -0.219491 -0.024216
-6.360000 -0.219764 -0.0251543 -0.219702 -0.0252085 -0.219764 -0.0251543 -0.219702 -0.0252085
-6.320000 -0.220736 -0.0260356 -0.220675 -0.0260881 -0.220736 -0.0260356 -0.220675 -0.0260881
-6.280000 -0.220904 -0.0270987 -0.220849 -0.0271383 -0.220904 -0.0270987 -0.220849 -0.0271383
-6.240000 -0.221882 -0.0280224 -0.221829 -0.0280534 -0.221882 -0.0280224 -0.221829 -0.0280534
-6.200000 -0.222009 -0.0291413 -0.221964 -0.0291644 -0.222009 -0.0291413 -0.221964 -0.0291644
-6.160000 -0.222994 -0.0301015 -0.222952 -0.0301216 -0.222994 -0.0301015 -0.222952 -0.0301216
-6.120000 -0.223078 -0.0312866 -0.223042 -0.0312946 -0.223078 -0.0312866 -0.223042 -0.0312946
-6.080000 -0.224067 -0.0322836 -0.224035 -0.032281 -0.224067 -0.0322836 -0.224035 -0.032281
-6.040000 -0.224104 -0.0335331 -0.224083 -0.0335263 -0.224104 -0.0335331 -0.224083 -0.0335263
-6.000000 -0.225098 -0.0345617 -0.225077 -0.0345555 -0.225098 -0.0345617 -0.225077 -0.0345555
-5.960000 -0.22509 -0.0358813 -0.225075 -0.0358595 -0.22509 -0.0358813 -0.225075 -0.0358595
-5.920000 -0.226086 -0.036947 -0.226073 -0.0369139 -0.226086 -0.036947 -0.226073 -0.0369139
-5.880000 -0.226028 -0.038333 -0.226029 -0.038285 -0.226028 -0.038333 -0.226029 -0.038285
-5.840000 -0.227027 -0.0394251 -0.227033 -0.0393829 -0.227027 -0.0394251 -0.227033 -0.0393829
-5.800000 -0.226923 -0.0408835 -0.226935 -0.0408265 -0.226923 -0.0408835 -0.226935 -0.0408265
-5.760000 -0.227924 -0.0420025 -0.227938 -0.0419328 -0.227924 -0.0420025 -0.227938 -0.0419328
-5.720000 -0.227771 -0.0435398 -0.227798 -0.0434611 -0.227771 -0.0435398 -0.227798 -0.0434611
-5.680000 -0.228769 -0.0446793 -0.228799 -0.0445908 -0.228769 -0.0446793 -0.228799 -0.0445908
-5.640000 -0.228571 -0.0462879 -0.228615 -0.0461852 -0.228571 -0.0462879 -0.228615 -0.0461852
-5.600000 -0.22957 -0.0474421 -0.229621 -0.0473385 -0.22957 -0.0474421 -0.229621 -0.0473385
-5.560000 -0.22933 -0.0491288 -0.229389 -0.0490189 -0.22933 -0.0491288 -0.229389 -0.0490189
-5.520000 -0.230331 -0.0502987 -0.230389 -0.0501714 -0.230331 -0.0502987 -0.230389 -0.0501714
-5.480000 -0.230048 -0.0520679 -0.230122 -0.0519264 -0.230048 -0.0520679 -0.230122 -0.0519264
-5.440000 -0.231045 -0.0532413 -0.231127 -0.0531026 -0.231045 -0.0532413 -0.231127 -0.0531026
-5.400000 -0.230726 -0.0550907 -0.230817 -0.0549315 -0.230726 -0.0550907 -0.230817 -0.0549315
-5.360000 -0.23172 -0.0562627 -0.231818 -0.0561031 -0.23172 -0.0562627 -0.231818 -0.0561031
-5.320000 -0.231372 -0.0581904 -0.231481 -0.058009 -0.231372 -0.0581904 -0.231481 -0.058009
-5.280000 -0.232364 -0.0593595 -0.232485 -0.0591876 -0.232364 -0.0593595 -0.232485 -0.0591876
-5.240000 -0.23199 -0.0613657 -0.232117 -0.061171 -0.23199 -0.0613657 -0.232117 -0.061171
-5.200000 -0.232978 -0.0625213 -0.233116 -0.0623284 -0.232978 -0.0625213 -0.233116 -0.0623284
-5.160000 -0.232587 -0.0646011 -0.232734 -0.064402 -0.232587 -0.0646011 -0.232734 -0.064402
-5.120000 -0.233573 -0.0657377 -0.233723 -0.0655376 -0.233573 -0.0657377 -0.233723 -0.0655376
-5.080000 -0.233174 -0.0678877 -0.233332 -0.0676776 -0.233174 -0.0678877 -0.233332 -0.0676776
-5.040000 -0.234158 -0.0689995 -0.23432 -0.0687872 -0.234158 -0.0689995 -0.23432 -0.0687872
-5.000000 -0.233761 -0.0712254 -0.233931 -0.0710024 -0.233761 -0.0712254 -0.233931 -0.0710024
-4.960000 -0.234733 -0.0722934 -0.234913 -0.0720808 -0.234733 -0.0722934 -0.234913 -0.0720808
-4.920000 -0.234352 -0.0745815 -0.234533 -0.0743546 -0.234352 -0.0745815 -0.234533 -0.0743546
-4.880000 -0.235319 -0.0756056 -0.23551 -0.075392 -0.235319 -0.0756056 -0.23551 -0.075392
-4.840000 -0.234966 -0.0779571 -0.235152 -0.0777226 -0.234966 -0.0779571 -0.235152 -0.0777226
-4.800000 -0.235916 -0.0789209 -0.236121 -0.0787023 -0.235916 -0.0789209 -0.236121 -0.0787023
-4.760000 -0.235604 -0.0813186 -0.235807 -0.081099 -0.235604 -0.0813186 -0.235807 -0.081099
-4.720000 -0.236543 -0.0822167 -0.236751 -0.0820101 -0.236543 -0.0822167 -0.236751 -0.0820101
-4.680000 -0.236289 -0.0846552 -0.236489 -0.0844402 -0.236289 -0.0846552 -0.236489 -0.0844402
-4.640000 -0.237209 -0.0854812 -0.237425 -0.0852834 -0.237209 -0.0854812 -0.237425 -0.0852834
-4.600000 -0.237023 -0.0879468 -0.237228 -0.0877451 -0.237023 -0.0879468 -0.237228 -0.0877451
-4.560000 -0.237915 -0.0886852 -0.238139 -0.0885071 -0.237915 -0.0886852 -0.238139 -0.0885071
-4.520000 -0.237814 -0.091158 -0.238022 -0.0909818 -0.237814 -0.091158 -0.238022 -0.0909818
-4.480000 -0.238677 -0.0918051 -0.238906 -0.0916557 -0.238677 -0.0918051 -0.238906 -0.0916557
-4.440000 -0.238673 -0.0942662 -0.238881 -0.0941233 -0.238673 -0.0942662 -0.238881 -0.0941233
-4.400000 -0.239503 -0.094816 -0.239728 -0.0946957 -0.239503 -0.094816 -0.239728 -0.0946957
-4.360000 -0.239607 -0.0972457 -0.239818 -0.0971438 -0.239607 -0.0972457 -0.239818 -0.0971438
-4.320000 -0.240393 -0.0976921 -0.240623 -0.0976193 -0.240393 -0.0976921 -0.240623 -0.0976193
-4.280000 -0.240612 -0.100064 -0.240817 -0.100009 -0.240612 -0.100064 -0.240817 -0.100009
-4.240000 -0.241349 -0.100402 -0.241581 -0.100377 -0.241349 -0.100402 -0.241581 -0.100377
-4.200000 -0.241691 -0.102692 -0.241898 -0.102694 -0.241691 -0.102692 -0.241898 -0.102694
-4.160000 -0.242367 -0.10292 -0.242607 -0.102954 -0.242367 -0.10292 -0.242607 -0.102954
-4.120000 -0.242831 -0.105096 -0.243049 -0.105172 -0.242831 -0.105096 -0.243049 -0.105172
-4.080000 -0.243447 -0.105214 -0.243685 -0.105321 -0.243447 -0.105214 -0.243685 -0.105321
-4.040000 -0.244034 -0.107254 -0.244255 -0.107406 -0.244034 -0.107254 -0.244255 -0.107406
-4.000000 -0.244572 -0.107267 -0.244821 -0.107449 -0.244572 -0.107267 -0.244821 -0.107449
-3.960000 -0.245269 -0.109137 -0.245507 -0.109374 -0.245269 -0.109137 -0.245507 -0.109374
-3.920000 -0.245733 -0.109044 -0.246002 -0.109315 -0.245733 -0.109044 -0.246002 -0.109315
-3.880000 -0.246529 -0.11072 -0.246787 -0.111057 -0.246529 -0.11072 -0.246787 -0.111057
-3.840000 -0.246916 -0.110532 -0.247199 -0.1109 -0.246916 -0.110532 -0.247199 -0.1109
-3.800000 -0.247797 -0.111996 -0.248076 -0.112431 -0.247797 -0.111996 -0.248076 -0.112431
-3.760000 -0.248091 -0.111725 -0.24841 -0.11219 -0.248091 -0.111725 -0.24841 -0.11219
-3.720000 -0.24903 -0.112949 -0.249344 -0.113493 -0.24903 -0.112949 -0.249344 -0.113493
-3.680000 -0.249246 -0.1126 -0.249593 -0.113172 -0.249246 -0.1126 -0.249593 -0.113172
-3.640000 -0.250214 -0.113577 -0.250572 -0.114229 -0.250214 -0.113577 -0.250572 -0.114229
-3.600000 -0.250354 -0.113162 -0.250744 -0.113843 -0.250354 -0.113162 -0.250744 -0.113843
-3.560000 -0.251327 -0.113885 -0.251735 -0.114648 -0.251327 -0.113885 -0.251735 -0.114648
-3.520000 -0.251399 -0.11342 -0.251842 -0.114208 -0.251399 -0.11342 -0.251842 -0.114208
-3.480000 -0.252344 -0.11389 -0.25281 -0.114763 -0.252344 -0.11389 -0.25281 -0.114763
-3.440000 -0.25236 -0.113384 -0.252856 -0.11428 -0.25236 -0.113384 -0.252856 -0.11428
-3.400000 -0.253246 -0.113614 -0.253779 -0.11459 -0.253246 -0.113614 -0.253779 -0.11459
-3.360000 -0.253218 -0.113078 -0.253784 -0.114075 -0.253218 -0.113078 -0.253784 -0.114075
-3.320000 -0.254021 -0.11308 -0.254629 -0.114159 -0.254021 -0.11308 -0.254629 -0.114159
-3.280000 -0.253972 -0.112521 -0.254606 -0.113624 -0.253972 -0.112521 -0.254606 -0.113624
-3.240000 -0.254673 -0.112323 -0.255352 -0.113502 -0.254673 -0.112323 -0.255352 -0.113502
-3.200000 -0.254624 -0.111749 -0.255322 -0.11295 -0.254624 -0.111749 -0.255322 -0.11295
-3.160000 -0.255201 -0.111386 -0.25596 -0.112648 -0.255201 -0.111386 -0.25596 -0.112648
-3.120000 -0.255177 -0.110797 -0.255951 -0.112092 -0.255177 -0.110797 -0.255951 -0.112092
-3.080000 -0.255627 -0.110305 -0.256457 -0.111655 -0.255627 -0.110305 -0.256457 -0.111655
-3.040000 -0.255653 -0.109704 -0.256494 -0.111083 -0.255653 -0.109704 -0.256494 -0.111083
-3.000000 -0.255977 -0.109125 -0.256876 -0.110549 -0.255977 -0.109125 -0.256876 -0.110549
-2.960000 -0.25608 -0.108515 -0.256986 -0.10997 -0.25608 -0.108515 -0.256986 -0.10997
-2.920000 -0.256286 -0.107889 -0.257248 -0.109383 -0.256286 -0.107889 -0.257248 -0.109383
-2.880000 -0.256496 -0.107258 -0.25746 -0.108785 -0.256496 -0.107258 -0.25746 -0.108785
-2.840000 -0.256607 -0.106636 -0.257623 -0.108193 -0.256607 -0.106636 -0.257623 -0.108193
-2.800000 -0.256953 -0.105972 -0.257966 -0.107572 -0.256953 -0.105972 -0.257966 -0.107572
-2.760000 -0.257001 -0.105401 -0.258057 -0.107019 -0.257001 -0.105401 -0.258057 -0.107019
-2.720000 -0.257509 -0.104694 -0.258561 -0.106365 -0.257509 -0.104694 -0.258561 -0.106365
-2.680000 -0.257538 -0.104214 -0.258619 -0.105897 -0.257538 -0.104214 -0.258619 -0.105897
-2.640000 -0.258241 -0.103455 -0.259311 -0.105191 -0.258241 -0.103455 -0.259311 -0.105191
-2.600000 -0.258301 -0.103102 -0.25939 -0.104852 -0.258301 -0.103102 -0.25939 -0.104852
-2.560000 -0.259228 -0.102274 -0.260298 -0.104084 -0.259228 -0.102274 -0.260298 -0.104084
-2.520000 -0.259386 -0.102091 -0.260457 -0.103908 -0.259386 -0.102091 -0.260457 -0.103908
-2.480000 -0.260564 -0.101182 -0.261611 -0.103068 -0.260564 -0.101182 -0.261611 -0.103068
-2.440000 -0.260888 -0.101194 -0.261918 -0.103078 -0.260888 -0.101194 -0.261918 -0.103078
-2.400000 -0.262343 -0.100184 -0.263358 -0.102156 -0.262343 -0.100184 -0.263358 -0.102156
-2.360000 -0.262924 -0.100422 -0.263894 -0.102397 -0.262924 -0.100422 -0.263894 -0.102397
-2.320000 -0.264687 -0.0993048 -0.265627 -0.10137 -0.264687 -0.0993048 -0.265627 -0.10137
-2.280000 -0.26561 -0.099778 -0.266483 -0.101851 -0.26561 -0.099778 -0.266483 -0.101851
-2.240000 -0.267714 -0.0985446 -0.268554 -0.100716 -0.267714 -0.0985446 -0.268554 -0.100716
-2.200000 -0.269082 -0.0992679 -0.269832 -0.101459 -0.269082 -0.0992679 -0.269832 -0.101459
-2.160000 -0.271565 -0.0979185 -0.27227 -0.100218 -0.271565 -0.0979185 -0.27227 -0.100218
-2.120000 -0.273485 -0.0989008 -0.27407 -0.101228 -0.273485 -0.0989008 -0.27407 -0.101228
-2.080000 -0.276386 -0.0974438 -0.276922 -0.0998892 -0.276386 -0.0974438 -0.276922 -0.0998892
-2.040000 -0.278967 -0.0986837 -0.279352 -0.101176 -0.278967 -0.0986837 -0.279352 -0.101176
-2.000000 -0.282336 -0.0971308 -0.282656 -0.0997542 -0.282336 -0.0971308 -0.282656 -0.0997542
-1.960000 -0.285715 -0.0986356 -0.285837 -0.10132 -0.285715 -0.0986356 -0.285837 -0.10132
-1.920000 -0.289614 -0.0970255 -0.289661 -0.099845 -0.289614 -0.0970255 -0.289661 -0.099845
-1.880000 -0.29391 -0.0987979 -0.293721 -0.101703 -0.29391 -0.0987979 -0.293721 -0.101703
-1.840000 -0.298427 -0.0971784 -0.298132 -0.100226 -0.298427 -0.0971784 -0.298132 -0.100226
-1.800000 -0.30378 -0.0992372 -0.303206 -0.102391 -0.30378 -0.0992372 -0.303206 -0.102391
-1.760000 -0.309008 -0.0976795 -0.308313 -0.100982 -0.309008 -0.0976795 -0.308313 -0.100982
-1.720000 -0.315581 -0.100054 -0.314535 -0.103493 -0.315581 -0.100054 -0.314535 -0.103493
-1.680000 -0.321666 -0.0986602 -0.320451 -0.102245 -0.321666 -0.0986602 -0.320451 -0.102245
-1.640000 -0.329628 -0.101417 -0.327999 -0.105161 -0.329628 -0.101417 -0.327999 -0.105161
-1.600000 -0.336745 -0.100325 -0.334892 -0.104209 -0.336745 -0.100325 -0.334892 -0.104209
-1.560000 -0.346302 -0.103573 -0.343952 -0.107639 -0.346302 -0.103573 -0.343952 -0.107639
-1.520000 -0.354694 -0.102975 -0.352024 -0.107169 -0.354694 -0.102975 -0.352024 -0.107169
-1.480000 -0.366077 -0.106901 -0.362814 -0.111279 -0.366077 -0.106901 -0.362814 -0.111279
-1.440000 -0.376031 -0.107061 -0.372347 -0.111532 -0.376031 -0.107061 -0.372347 -0.111532
-1.400000 -0.389565 -0.111941 -0.385154 -0.116594 -0.389565 -0.111941 -0.385154 -0.116594
-1.360000 -0.401473 -0.113249 -0.396469 -0.117947 -0.401473 -0.113249 -0.396469 -0.117947
-1.320000 -0.417532 -0.119536 -0.411626 -0.124361 -0.417532 -0.119536 -0.411626 -0.124361
-1.280000 -0.431881 -0.122568 -0.425181 -0.127327 -0.431881 -0.122568 -0.425181 -0.127327
-1.240000 -0.450956 -0.130958 -0.443105 -0.135745 -0.450956 -0.130958 -0.443105 -0.135745
-1.200000 -0.468385 -0.136611 -0.459418 -0.141138 -0.468385 -0.136611 -0.459418 -0.141138
-1.160000 -0.491051 -0.148251 -0.480617 -0.152549 -0.491051 -0.148251 -0.480617 -0.152549
-1.120000 -0.512306 -0.15799 -0.500324 -0.161644 -0.512306 -0.15799 -0.500324 -0.161644
-1.080000 -0.539174 -0.17476 -0.525334 -0.177659 -0.539174 -0.17476 -0.525334 -0.177659
-1.040000 -0.565006 -0.191074 -0.549124 -0.192552 -0.565006 -0.191074 -0.549124 -0.192552
-1.000000 -0.596388 -0.216158 -0.578215 -0.215885 -0.596388 -0.216158 -0.578215 -0.215885
-0.960000 -0.626966 -0.243396 -0.606328 -0.240136 -0.626966 -0.243396 -0.606328 -0.240136
-0.920000 -0.661858 -0.282094 -0.638864 -0.275165 -0.661858 -0.282094 -0.638864 -0.275165
-0.880000 -0.695087 -0.327636 -0.669905 -0.314762 -0.695087 -0.327636 -0.669905 -0.314762
-0.840000 -0.727907 -0.388107 -0.702039 -0.368216 -0.727907 -0.388107 -0.702039 -0.368216
-0.800000 -0.754108 -0.462558 -0.72945 -0.43196 -0.754108 -0.462558 -0.72945 -0.43196
-0.760000 -0.767488 -0.552137 -0.749163 -0.511245 -0.767488 -0.552137 -0.749163 -0.511245
-0.720000 -0.759497 -0.660287 -0.75385 -0.606352 -0.759497 -0.660287 -0.75385 -0.606352
-0.680000 -0.720125 -0.765221 -0.73474 -0.707615 -0.720125 -0.765221 -0.73474 -0.707615
-0.640000 -0.64069 -0.873328 -0.683146 -0.818167 -0.64069 -0.873328 -0.683146 -0.818167
-0.600000 -0.540037 -0.932677 -0.603123 -0.900508 -0.540037 -0.932677 -0.603123 -0.900508
-0.560000 -0.413991 -0.969117 -0.490525 -0.967288 -0.413991 -0.969117 -0.490525 -0.967288
-0.520000 -0.322999 -0.946339 -0.389602 -0.977182 -0.322999 -0.946339 -0.389602 -0.977182
-0.480000 -0.237306 -0.915103 -0.28547 -0.969065 -0.237306 -0.915103 -0.28547 -0.969065
-0.440000 -0.207841 -0.867379 -0.231855 -0.93114 -0.207841 -0.867379 -0.231855 -0.93114
-0.400000 -0.193115 -0.838945 -0.191769 -0.902364 -0.193115 -0.838945 -0.191769 -0.902364
-0.360000 -0.209187 -0.836406 -0.190557 -0.888613 -0.209187 -0.836406 -0.190557 -0.888613
-0.320000 -0.263036 -0.875311 -0.22 -0.912961 -0.263036 -0.875311 -0.22 -0.912961
-0.280000 -0.298709 -1.03007 -0.238855 -1.03146 -0.298709 -1.03007 -0.238855 -1.03146
-0.240000 -0.410331 -1.33845 -0.325966 -1.29293 -0.410331 -1.33845 -0.325966 -1.29293
-0.200000 0.113814 -2.16522 0.11205 -2.00771 0.113814 -2.16522 0.11205 -2.00771
-0.160000 1.81517 -1.89501 1.74023 -1.97579 1.81517 -1.89501 1.74023 -1.97579
-0.120000 1.46496 -0.335669 1.48478 -0.309699 1.46496 -0.335669 1.48478 -0.309699
-0.080000 0.88735 -0.0656554 0.884403 -0.038438 0.88735 -0.0656554 0.884403 -0.038438
-0.040000 0.567496 -0.0700745 0.549218 -0.0340232 0.567496 -0.0700745 0.549218 -0.0340232
0.000000 0.211998 -0.190771 0.199332 -0.173313 0.211998 -0.190771 0.199332 -0.173313
0.040000 0.0785883 -0.252078 0.0551976 -0.219935 0.0785883 -0.252078 0.0551976 -0.219935
0.080000 -0.256974 -0.852458 -0.532254 -0.729972 -0.256974 -0.852458 -0.532254 -0.729972
0.120000 1.27984 -1.21395 1.96516 -1.84418 1.27984 -1.21395 1.96516 -1.84418
0.160000 1.03575 -0.242028 1.17035 -0.158938 1.03575 -0.242028 1.17035 -0.158938
0.200000 0.723165 -0.0776459 0.76216 -0.0328328 0.723165 -0.0776459 0.76216 -0.0328328
0.240000 0.555506 -0.0380781 0.573203 -0.0094881 0.555506 -0.0380781 0.573203 -0.0094881
0.280000 0.458082 -0.0302752 0.467101 -0.0082291 0.458082 -0.0302752 0.467101 -0.0082291
0.320000 0.379513 -0.0274744 0.384411 -0.0107346 0.379513 -0.0274744 0.384411 -0.0107346
0.360000 0.330728 -0.0352382 0.333313 -0.0210834 0.330728 -0.0352382 0.333313 -0.0210834
0.400000 0.282042 -0.0368785 0.282892 -0.0259294 0.282042 -0.0368785 0.282892 -0.0259294
0.440000 0.251622 -0.0481739 0.251995 -0.0389618 0.251622 -0.0481739 0.251995 -0.0389618
0.480000 0.219356 -0.0482592 0.218638 -0.0410121 0.219356 -0.0482592 0.218638 -0.0410121
0.520000 0.197193 -0.0581855 0.196497 -0.0521932 0.197193 -0.0581855 0.196497 -0.0521932
0.560000 0.176497 -0.0566511 0.175144 -0.05162 0.176497 -0.0566511 0.175144 -0.05162
0.600000 0.159422 -0.0633294 0.158129 -0.0591281 0.159422 -0.0633294 0.158129 -0.0591281
0.640000 0.146523 -0.0621106 0.144937 -0.0583128 0.146523 -0.0621106 0.144937 -0.0583128
0.680000 0.133569 -0.0660264 0.132023 -0.0627415 0.133569 -0.0660264 0.132023 -0.0627415
0.720000 0.124859 -0.0661885 0.123268 -0.0630748 0.124859 -0.0661885 0.123268 -0.0630748
0.760000 0.115194 -0.0685912 0.113625 -0.065775 0.115194 -0.0685912 0.113625 -0.065775
0.800000 0.108138 -0.0699364 0.10666 -0.0672248 0.108138 -0.0699364 0.10666 -0.0672248
0.840000 0.100826 -0.0718159 0.0993708 -0.0692541 0.100826 -0.0718159 0.0993708 -0.0692541
0.880000 0.0941562 -0.0736421 0.0928375 -0.071185 0.0941562 -0.0736421 0.0928375 -0.071185
0.920000 0.088358 -0.0755198 0.0870814 -0.0731313 0.088358 -0.0755198 0.0870814 -0.0731313
0.960000 0.08168 -0.0772072 0.0805388 -0.0749227 0.08168 -0.0772072 0.0805388 -0.0749227
1.000000 0.0767835 -0.079287 0.0756976 -0.0770323 0.0767835 -0.079287 0.0756976 -0.0770323
1.040000 0.0701598 -0.0804823 0.0691841 -0.078338 0.0701598 -0.0804823 0.0691841 -0.078338
1.080000 0.0657642 -0.0827996 0.0648612 -0.0806418 0.0657642 -0.0827996 0.0648612 -0.0806418
1.120000 0.0594035 -0.0834287 0.05857 -0.0813591 0.0594035 -0.0834287 0.05857 -0.0813591
1.160000 0.0552921 -0.0859191 0.0545234 -0.0838346 0.0552921 -0.0859191 0.0545234 -0.0838346
1.200000 0.0493633 -0.0860762 0.0486418 -0.0840472 0.0493633 -0.0860762 0.0486418 -0.0840472
1.240000 0.0454343 -0.0886834 0.0447636 -0.0866284 0.0454343 -0.0886834 0.0447636 -0.0866284
1.280000 0.0400548 -0.0885187 0.0393933 -0.0864957 0.0400548 -0.0885187 0.0393933 -0.0864957
1.320000 0.0362675 -0.0911905 0.0356494 -0.0891384 0.0362675 -0.0911905 0.0356494 -0.0891384
1.360000 0.0314687 -0.0908703 0.0308506 -0.0888172 0.0314687 -0.0908703 0.0308506 -0.0888172
1.400000 0.0278454 -0.0935615 0.0272446 -0.0914759 0.0278454 -0.0935615 0.0272446 -0.0914759
1.440000 0.0236128 -0.0932064 0.0229946 -0.0911033 0.0236128 -0.0932064 0.0229946 -0.0911033
1.480000 0.0201587 -0.0959021 0.0195642 -0.0937529 0.0201587 -0.0959021 0.0195642 -0.0937529
1.520000 0.0164745 -0.0956063 0.0158343 -0.0934122 0.0164745 -0.0956063 0.0158343 -0.0934122
1.560000 0.0132219 -0.0982792 0.0125805 -0.0960442 0.0132219 -0.0982792 0.0125805 -0.0960442
1.600000 0.0100141 -0.0980932 0.0093256 -0.0958044 0.0100141 -0.0980932 0.0093256 -0.0958044
1.640000 0.0069919 -0.100741 0.0062896 -0.0984103 0.0069919 -0.100741 0.0062896 -0.0984103
1.680000 0.0042194 -0.10069 0.0034693 -0.0982967 0.0042194 -0.10069 0.0034693 -0.0982967
1.720000 0.0014359 -0.103307 0.0006598 -0.100869 0.0014359 -0.103307 0.0006598 -0.100869
1.760000 -0.0009362 -0.103402 -0.0017592 -0.100891 -0.0009362 -0.103402 -0.0017592 -0.100891
1.800000 -0.003466 -0.105982 -0.0043436 -0.10342 -0.003466 -0.105982 -0.0043436 -0.10342
1.840000 -0.0054624 -0.106215 -0.006403 -0.103578 -0.0054624 -0.106215 -0.006403 -0.103578
1.880000 -0.0077445 -0.10874 -0.0087483 -0.106061 -0.0077445 -0.10874 -0.0087483 -0.106061
1.920000 -0.0094161 -0.109095 -0.0104758 -0.106343 -0.0094161 -0.109095 -0.0104758 -0.106343
1.960000 -0.0114308 -0.111567 -0.0125853 -0.10877 -0.0114308 -0.111567 -0.0125853 -0.10877
2.000000 -0.0128001 -0.112015 -0.0140146 -0.109159 -0.0128001 -0.112015 -0.0140146 -0.109159
2.040000 -0.0145725 -0.114421 -0.0158739 -0.111526 -0.0145725 -0.114421 -0.0158739 -0.111526
2.080000 -0.0156545 -0.114951 -0.0170243 -0.111991 -0.0156545 -0.114951 -0.0170243 -0.111991
2.120000 -0.0171898 -0.117278 -0.0186674 -0.114281 -0.0171898 -0.117278 -0.0186674 -0.114281
2.160000 -0.0180178 -0.11786 -0.0195713 -0.114812 -0.0180178 -0.11786 -0.0195713 -0.114812
2.200000 -0.0193173 -0.120104 -0.0209767 -0.11703 -0.0193173 -0.120104 -0.0209767 -0.11703
2.240000 -0.0199166 -0.120711 -0.0216464 -0.117593 -0.0199166 -0.120711 -0.0216464 -0.117593
2.280000 -0.0209971 -0.122866 -0.022842 -0.119718 -0.0209971 -0.122866 -0.022842 -0.119718
2.320000 -0.0213755 -0.123481 -0.0233151 -0.12029 -0.0213755 -0.123481 -0.0233151 -0.12029
2.360000 -0.0222517 -0.125531 -0.0243009 -0.122329 -0.0222517 -0.125531 -0.0243009 -0.122329
2.400000 -0.0224398 -0.126126 -0.0245815 -0.122889 -0.0224398 -0.126126 -0.0245815 -0.122889
2.440000 -0.0231304 -0.128069 -0.0253942 -0.124826 -0.0231304 -0.128069 -0.0253942 -0.124826
2.480000 -0.0231413 -0.12863 -0.0254956 -0.125366 -0.0231413 -0.12863 -0.0254956 -0.125366
2.520000 -0.0236595 -0.130461 -0.0261404 -0.127197 -0.0236595 -0.130461 -0.0261404 -0.127197
2.560000 -0.0235103 -0.130966 -0.0260775 -0.127695 -0.0235103 -0.130966 -0.0260775 -0.127695
2.600000 -0.0238823 -0.132677 -0.0265827 -0.129409 -0.0238823 -0.132677 -0.0265827 -0.129409
2.640000 -0.0235878 -0.133121 -0.0263763 -0.129855 -0.0235878 -0.133121 -0.0263763 -0.129855
2.680000 -0.0238186 -0.13471 -0.0267458 -0.131455 -0.0238186 -0.13471 -0.0267458 -0.131455
2.720000 -0.0233947 -0.135067 -0.026411 -0.131831 -0.0233947 -0.135067 -0.026411 -0.131831
2.760000 -0.0235233 -0.136526 -0.0266798 -0.133313 -0.0235233 -0.136526 -0.0266798 -0.133313
2.800000 -0.0229897 -0.136801 -0.0262265 -0.133629 -0.0229897 -0.136801 -0.0262265 -0.133629
2.840000 -0.0230164 -0.138139 -0.0263692 -0.134998 -0.0230164 -0.138139 -0.0263692 -0.134998
2.880000 -0.022377 -0.138323 -0.025808 -0.135216 -0.022377 -0.138323 -0.025808 -0.135216
2.920000 -0.0223184 -0.139532 -0.0258846 -0.136453 -0.0223184 -0.139532 -0.0258846 -0.136453
2.960000 -0.0215921 -0.139611 -0.0252428 -0.136585 -0.0215921 -0.139611 -0.0252428 -0.136585
3.000000 -0.0214711 -0.140693 -0.0252302 -0.137711 -0.0214711 -0.140693 -0.0252302 -0.137711
3.040000 -0.0206719 -0.140673 -0.0245171 -0.137734 -0.0206719 -0.140673 -0.0245171 -0.137734
3.080000 -0.0204821 -0.141635 -0.0244642 -0.138742 -0.0204821 -0.141635 -0.0244642 -0.138742
3.120000 -0.019615 -0.141497 -0.0236835 -0.138686 -0.019615 -0.141497 -0.0236835 -0.138686
3.160000 -0.0194084 -0.142327 -0.0235652 -0.139588 -0.0194084 -0.142327 -0.0235652 -0.139588
3.200000 -0.0184881 -0.142097 -0.0227271 -0.139425 -0.0184881 -0.142097 -0.0227271 -0.139425
3.240000 -0.0182354 -0.142817 -0.022573 -0.140212 -0.0182354 -0.142817 -0.022573 -0.140212
3.280000 -0.0172761 -0.142472 -0.0216812 -0.139951 -0.0172761 -0.142472 -0.0216812 -0.139951
3.320000 -0.016994 -0.143083 -0.0215165 -0.14062 -0.016994 -0.143083 -0.0215165 -0.14062
3.360000 -0.0159939 -0.142626 -0.0205831 -0.140275 -0.0159939 -0.142626 -0.0205831 -0.140275
3.400000 -0.015717 -0.143119 -0.0203957 -0.140842 -0.015717 -0.143119 -0.0203957 -0.140842
3.440000 -0.0146845 -0.142572 -0.019427 -0.140404 -0.0146845 -0.142572 -0.019427 -0.140404
3.480000 -0.0143996 -0.14296 -0.0192172 -0.140871 -0.0143996 -0.14296 -0.0192172 -0.140871
3.520000 -0.013336 -0.142319 -0.0182329 -0.140325 -0.013336 -0.142319 -0.0182329 -0.140325
3.560000 -0.0130582 -0.142597 -0.0180136 -0.140703 -0.0130582 -0.142597 -0.0180136 -0.140703
3.600000 -0.0119769 -0.141863 -0.0170045 -0.140067 -0.0119769 -0.141863 -0.0170045 -0.140067
3.640000 -0.0117056 -0.142045 -0.0167974 -0.140345 -0.0117056 -0.142045 -0.0167974 -0.140345
3.680000 -0.0106061 -0.141223 -0.0157615 -0.139639 -0.0106061 -0.141223 -0.0157615 -0.139639
3.720000 -0.010349 -0.141305 -0.0155697 -0.139817 -0.010349 -0.141305 -0.0155697 -0.139817
3.760000 -0.0092474 -0.14039 -0.0145251 -0.139035 -0.0092474 -0.14039 -0.0145251 -0.139035
3.800000 -0.0090137 -0.140388 -0.0143275 -0.139136 -0.0090137 -0.140388 -0.0143275 -0.139136
3.840000 -0.0078993 -0.139409 -0.0132879 -0.138257 -0.0078993 -0.139409 -0.0132879 -0.138257
3.880000 -0.0076805 -0.139318 -0.0131081 -0.138289 -0.0076805 -0.139318 -0.0131081 -0.138289
3.920000 -0.0065776 -0.138251 -0.0120475 -0.13736 -0.0065776 -0.138251 -0.0120475 -0.13736
3.960000 -0.0063706 -0.138097 -0.0118832 -0.137301 -0.0063706 -0.138097 -0.0118832 -0.137301
4.000000 -0.0052654 -0.136956 -0.0108273 -0.136295 -0.0052654 -0.136956 -0.0108273 -0.136295
4.040000 -0.0050986 -0.136719 -0.0106831 -0.136168 -0.0050986 -0.136719 -0.0106831 -0.136168
4.080000 -0.0039859 -0.135539 -0.0096223 -0.135106 -0.0039859 -0.135539 -0.0096223 -0.135106
4.120000 -0.0038393 -0.135225 -0.0095098 -0.134901 -0.0038393 -0.135225 -0.0095098 -0.134901
4.160000 -0.0027344 -0.133976 -0.008449 -0.133797 -0.0027344 -0.133976 -0.008449 -0.133797
4.200000 -0.002622 -0.133593 -0.0083571 -0.133526 -0.002622 -0.133593 -0.0083571 -0.133526
4.240000 -0.0015242 -0.132299 -0.0072935 -0.132376 -0.0015242 -0.132299 -0.0072935 -0.132376
4.280000 -0.0014419 -0.131851 -0.0072377 -0.132028 -0.0014419 -0.131851 -0.0072377 -0.132028
4.320000 -0.0003534 -0.130513 -0.0061832 -0.130847 -0.0003534 -0.130513 -0.0061832 -0.130847
4.360000 -0.0003042 -0.130005 -0.0061371 -0.13045 -0.0003042 -0.130005 -0.0061371 -0.13045
4.400000 0.0007685 -0.12863 -0.0050956 -0.12921 0.0007685 -0.12863 -0.0050956 -0.12921
4.440000 0.000791 -0.128074 -0.0050833 -0.128762 0.000791 -0.128074 -0.0050833 -0.128762
4.480000 0.0018545 -0.126671 -0.0040418 -0.12751 0.0018545 -0.126671 -0.0040418 -0.12751
4.520000 0.0018484 -0.126061 -0.004051 -0.126998 0.0018484 -0.126061 -0.004051 -0.126998
4.560000 0.0028979 -0.124631 -0.0030255 -0.125705 0.0028979 -0.124631 -0.0030255 -0.125705
4.600000 0.0028685 -0.123976 -0.0030615 -0.125149 0.0028685 -0.123976 -0.0030615 -0.125149
4.640000 0.003906 -0.122517 -0.0020528 -0.12383 0.003906 -0.122517 -0.0020528 -0.12383
4.680000 0.0038395 -0.121808 -0.0021165 -0.123232 0.0038395 -0.121808 -0.0021165 -0.123232
4.720000 0.0048542 -0.120332 -0.0011217 -0.1219 0.0048542 -0.120332 -0.0011217 -0.1219
4.760000 0.0047593 -0.119589 -0.0012108 -0.12126 0.0047593 -0.119589 -0.0012108 -0.12126
4.800000 0.0057575 -0.118105 -0.0002327 -0.119917 0.0057575 -0.118105 -0.0002327 -0.119917
4.840000 0.0056368 -0.117323 -0.0003365 -0.119246 0.0056368 -0.117323 -0.0003365 -0.119246
4.880000 0.0066119 -0.115826 0.000626 -0.117879 0.0066119 -0.115826 0.000626 -0.117879
4.920000 0.0064671 -0.115018 0.0004926 -0.117168 0.0064671 -0.115018 0.0004926 -0.117168
4.960000 0.0074268 -0.113519 0.0014326 -0.115796 0.0074268 -0.113519 0.0014326 -0.115796
5.000000 0.0072515 -0.112668 0.0012755 -0.115059 0.0072515 -0.112668 0.0012755 -0.115059
5.040000 0.0081841 -0.111168 0.0021999 -0.113694 0.0081841 -0.111168 0.0021999 -0.113694
5.080000 0.0079832 -0.110295 0.0020268 -0.112924 0.0079832 -0.110295 0.0020268 -0.112924
5.120000 0.0088932 -0.108804 0.0029221 -0.11154 0.0088932 -0.108804 0.0029221 -0.11154
5.160000 0.0086732 -0.107908 0.0027369 -0.110767 0.0086732 -0.107908 0.0027369 -0.110767
5.200000 0.0095563 -0.106412 0.0036128 -0.109369 0.0095563 -0.106412 0.0036128 -0.109369
5.240000 0.0093125 -0.1055 0.0033979 -0.108569 0.0093125 -0.1055 0.0033979 -0.108569
5.280000 0.0101718 -0.104018 0.0042573 -0.107198 0.0101718 -0.104018 0.0042573 -0.107198
5.320000 0.0099085 -0.103087 0.0040212 -0.10636 0.0099085 -0.103087 0.0040212 -0.10636
5.360000 0.0107412 -0.101612 0.0048558 -0.104999 0.0107412 -0.101612 0.0048558 -0.104999
5.400000 0.0104599 -0.100667 0.0045999 -0.104144 0.0104599 -0.100667 0.0045999 -0.104144
5.440000 0.0112641 -0.0991955 0.0054078 -0.102794 0.0112641 -0.0991955 0.0054078 -0.102794
5.480000 0.0109548 -0.0982375 0.0051438 -0.101934 0.0109548 -0.0982375 0.0051438 -0.101934
5.520000 0.0117337 -0.0968029 0.0059264 -0.100576 0.0117337 -0.0968029 0.0059264 -0.100576
5.560000 0.0114081 -0.0958237 0.0056442 -0.0997105 0.0114081 -0.0958237 0.0056442 -0.0997105
5.600000 0.012154 -0.0944011 0.0064043 -0.0983646 0.012154 -0.0944011 0.0064043 -0.0983646
5.640000 0.0118133 -0.0934262 0.0060956 -0.097476 0.0118133 -0.0934262 0.0060956 -0.097476
5.680000 0.012536 -0.0920253 0.006824 -0.0961626 0.012536 -0.0920253 0.006824 -0.0961626
5.720000 0.0121747 -0.0910312 0.0065079 -0.0952751 0.0121747 -0.0910312 0.0065079 -0.0952751
5.760000 0.0128622 -0.0896555 0.0072197 -0.0939791 0.0128622 -0.0896555 0.0072197 -0.0939791
5.800000 0.0124898 -0.0886686 0.0068821 -0.0930638 0.0124898 -0.0886686 0.0068821 -0.0930638
5.840000 0.0131491 -0.0873088 0.007558 -0.091794 0.0131491 -0.0873088 0.007558 -0.091794
5.880000 0.012762 -0.0863228 0.0072194 -0.0908958 0.012762 -0.0863228 0.0072194 -0.0908958
5.920000 0.01339 -0.0849849 0.0078747 -0.0896235 0.01339 -0.0849849 0.0078747 -0.0896235
5.960000 0.0129936 -0.0840069 0.0075178 -0.0887194 0.0129936 -0.0840069 0.0075178 -0.0887194
6.000000 0.0135928 -0.0826822 0.008143 -0.0874708 0.0135928 -0.0826822 0.008143 -0.0874708
6.040000 0.0131811 -0.0817089 0.0077755 -0.0865692 0.0131811 -0.0817089 0.0077755 -0.0865692
6.080000 0.0137455 -0.0804055 0.0083723 -0.0853348 0.0137455 -0.0804055 0.0083723 -0.0853348
6.120000 0.0133254 -0.0794518 0.0079865 -0.0844357 0.0133254 -0.0794518 0.0079865 -0.0844357
6.160000 0.0138674 -0.078172 0.0085558 -0.0832477 0.0138674 -0.078172 0.0085558 -0.0832477
6.200000 0.0134292 -0.0772065 0.0081739 -0.0823516 0.0134292 -0.0772065 0.0081739 -0.0823516
6.240000 0.013936 -0.0759692 0.0087175 -0.0811547 0.013936 -0.0759692 0.0087175 -0.0811547
6.280000 0.0134912 -0.0750126 0.0083204 -0.0802763 0.0134912 -0.0750126 0.0083204 -0.0802763
6.320000 0.0139706 -0.0738022 0.008845 -0.0791187 0.0139706 -0.0738022 0.008845 -0.0791187
6.360000 0.0135177 -0.0728523 0.0084392 -0.0782182 0.0135177 -0.0728523 0.0084392 -0.0782182
6.400000 0.0139683 -0.0716664 0.0089264 -0.0770722 0.0139683 -0.0716664 0.0089264 -0.0770722
6.440000 0.0135048 -0.0707248 0.0085077 -0.0761996 0.0135048 -0.0707248 0.0085077 -0.0761996
6.480000 0.0139243 -0.0695684 0.0089679 -0.075084 0.0139243 -0.0695684 0.0089679 -0.075084
6.520000 0.013452 -0.0686393 0.0085496 -0.0742274 0.013452 -0.0686393 0.0085496 -0.0742274
6.560000 0.0138397 -0.0675102 0.0089897 -0.0731216 0.0138397 -0.0675102 0.0089897 -0.0731216
6.600000 0.0133648 -0.0666068 0.0085582 -0.0722686 0.0133648 -0.0666068 0.0085582 -0.0722686
6.640000 0.0137299 -0.0654955 0.0089696 -0.0712004 0.0137299 -0.0654955 0.0089696 -0.0712004
6.680000 0.0132446 -0.0646007 0.0085378 -0.0703573 0.0132446 -0.0646007 0.0085378 -0.0703573
6.720000 0.0135795 -0.0635253 0.0089256 -0.0692981 0.0135795 -0.0635253 0.0089256 -0.0692981
6.760000 0.0130899 -0.0626446 0.0084785 -0.0684662 0.0130899 -0.0626446 0.0084785 -0.0684662
6.800000 0.0134001 -0.0616012 0.0088412 -0.0674629 0.0134001 -0.0616012 0.0088412 -0.0674629
6.840000 0.0129074 -0.0607294 0.0083993 -0.0666263 0.0129074 -0.0607294 0.0083993 -0.0666263
6.880000 0.0131906 -0.059709 0.0087313 -0.0656191 0.0131906 -0.059709 0.0087313 -0.0656191
6.920000 0.0126907 -0.0588543 0.0082839 -0.064833 0.0126907 -0.0588543 0.0082839 -0.064833
6.960000 0.0129452 -0.0578626 0.0086051 -0.0638467 0.0129452 -0.0578626 0.0086051 -0.0638467
7.000000 0.0124433 -0.0570326 0.0081504 -0.0630497 0.0124433 -0.0570326 0.0081504 -0.0630497
7.040000 0.0126768 -0.0560655 0.0084442 -0.0621013 0.0126768 -0.0560655 0.0084442 -0.0621013
7.080000 0.0121705 -0.0552465 0.007983 -0.0613051 0.0121705 -0.0552465 0.007983 -0.0613051
7.120000 0.0123761 -0.054306 0.0082488 -0.0603969 0.0123761 -0.054306 0.0082488 -0.0603969
7.160000 0.0118677 -0.0535136 0.0077916 -0.059617 0.0118677 -0.0535136 0.0077916 -0.059617
7.200000 0.0120537 -0.0525992 0.0080377 -0.0587158 0.0120537 -0.0525992 0.0080377 -0.0587158
7.240000 0.0115421 -0.0518171 0.0075752 -0.0579599 0.0115421 -0.0518171 0.0075752 -0.0579599
7.280000 0.0117029 -0.0509346 0.0078015 -0.0570801 0.0117029 -0.0509346 0.0078015 -0.0570801
7.320000 0.0111909 -0.0501709 0.0073335 -0.0563346 0.0111909 -0.0501709 0.0073335 -0.0563346
7.360000 0.0113294 -0.049313 0.0075382 -0.0554922 0.0113294 -0.049313 0.0075382 -0.0554922
7.400000 0.0108195 -0.0485752 0.0070677 -0.0547455 0.0108195 -0.0485752 0.0070677 -0.0547455
7.440000 0.0109417 -0.04773 0.0072423 -0.0539343 0.0109417 -0.04773 0.0072423 -0.0539343
7.480000 0.0104253 -0.0470093 0.0067779 -0.0532261 0.0104253 -0.0470093 0.0067779 -0.0532261
7.520000 0.0105247 -0.0462052 0.0069457 -0.0524237 0.0105247 -0.0462052 0.0069457 -0.0524237
7.560000 0.0100137 -0.0454959 0.0064789 -0.0517209 0.0100137 -0.0454959 0.0064789 -0.0517209
7.600000 0.0100948 -0.044709 0.0066266 -0.0509457 0.0100948 -0.044709 0.0066266 -0.0509457
7.640000 0.0095817 -0.0440214 0.0061556 -0.0502476 0.0095817 -0.0440214 0.0061556 -0.0502476
7.680000 0.0096439 -0.0432591 0.0062775 -0.0495104 0.0096439 -0.0432591 0.0062775 -0.0495104
7.720000 0.00913 -0.0425895 0.0058161 -0.0488379 0.00913 -0.0425895 0.0058161 -0.0488379
7.760000 0.0091743 -0.0418612 0.0059283 -0.0480957 0.0091743 -0.0418612 0.0059283 -0.0480957
7.800000 0.0086655 -0.0412021 0.0054633 -0.0474521 0.0086655 -0.0412021 0.0054633 -0.0474521
7.840000 0.0086936 -0.0404968 0.0055628 -0.0467242 0.0086936 -0.0404968 0.0055628 -0.0467242
7.880000 0.008185 -0.0398515 0.0050938 -0.0460894 0.008185 -0.0398515 0.0050938 -0.0460894
7.920000 0.0081939 -0.0391731 0.0051761 -0.0454015 0.0081939 -0.0391731 0.0051761 -0.0454015
7.960000 0.0076913 -0.0385522 0.0047056 -0.0447522 0.0076913 -0.0385522 0.0047056 -0.0447522
8.000000 0.0076898 -0.0378781 0.004755 -0.0441062 0.0076898 -0.0378781 0.004755 -0.0441062
